recording,video_file,insect_id,first_frame,last_frame,mean_velocity,median_velocity,mean_relative_velocity,median_relative_velocity
2021-10-17-A-1500,GP042122,0,0,63,62.93650793650794,15.0,0.2343131619210087,0.05810768059070949
2021-10-17-A-1500,GP042122,1,25,227,29.702970297029704,3.0,0.10986702070901924,0.012453773455873642
2021-10-17-A-1500,GP042122,2,106,121,0.0,0.0,0.0,0.0
2021-10-17-A-1500,GP042122,3,202,745,66.07366482504604,6.0,0.22928266045147735,0.02526612561397611
2021-10-17-A-1500,GP042122,4,375,393,19.61111111111111,0.0,0.06632733148840121,0.0
2021-10-17-A-1500,GP042122,5,375,390,0.0,0.0,0.0,0.0
2021-10-17-A-1500,GP042122,6,397,474,57.324675324675326,0.0,0.13542857401986336,0.0
2021-10-17-A-1500,GP042122,7,451,471,15.45,0.0,0.042040572774161275,0.0
2021-10-17-A-1500,GP042122,8,451,471,15.15,0.0,0.0414355487705157,0.0
2021-10-17-A-1500,GP042122,9,496,514,49.94444444444444,0.0,0.14377235301494484,0.0
2021-10-17-A-1500,GP042122,10,609,650,1.975609756097561,0.0,0.007245933212978105,0.0
2021-10-17-A-1500,GP042122,11,713,1112,39.44862155388471,6.0,0.153549352418579,0.022302545896174857
2021-10-17-A-1500,GP042122,12,713,748,8.771428571428572,0.0,0.032385463719520516,0.0
2021-10-17-A-1500,GP042122,13,845,893,13.604166666666666,0.0,0.04881973942314564,0.0
2021-10-17-A-1500,GP042122,14,919,980,12.819672131147541,0.0,0.04605774586936727,0.0
2021-10-17-A-1500,GP042122,15,959,983,2.7083333333333335,0.0,0.009339505258548757,0.0
2021-10-17-A-1500,GP042122,16,985,1000,0.0,0.0,0.0,0.0
2021-10-17-A-1500,GP042122,17,1088,1195,21.009345794392523,3.0,0.08349458525026782,0.011216462093938026
2021-10-17-A-1500,GP042122,18,1088,1112,8.875,0.0,0.032412484192990455,0.0
2021-10-17-A-1500,GP042122,19,1126,1216,4.477777777777778,0.0,0.01611867253002924,0.0
2021-10-17-A-1500,GP042122,20,1132,1342,27.67142857142857,3.5,0.10857458537737581,0.013581446241706163
2021-10-17-A-1500,GP042122,21,1219,1243,2.125,0.0,0.007824028106860215,0.0
2021-10-17-A-1500,GP042122,22,1282,1391,53.293577981651374,2.0,0.1994723351681647,0.008499026917123795
2021-10-17-A-1500,GP042122,23,1290,1334,8.522727272727273,0.0,0.031897737815348756,0.0
2021-10-17-A-1500,GP042122,24,1347,1599,78.14682539682539,7.0,0.29669178469701674,0.02985803653230963
2021-10-17-A-1500,GP042122,25,1398,1413,0.0,0.0,0.0,0.0
2021-10-17-A-1500,GP042122,26,1440,1455,0.0,0.0,0.0,0.0
2021-10-17-A-1500,GP042122,27,1485,1511,36.03846153846154,0.0,0.12219452007740067,0.0
2021-10-17-A-1500,GP042122,28,1525,1684,112.45283018867924,17.0,0.4202280114608322,0.06290040811454749
2021-10-17-A-1500,GP042122,29,1607,1627,4.0,0.0,0.014171797274651943,0.0
2021-10-17-A-1500,GP042122,30,1640,1878,50.61764705882353,4.0,0.1666281598365104,0.011013311254752928
2021-10-17-A-1500,GP042122,31,1657,1680,73.47826086956522,0.0,0.19232774571859698,0.0
2021-10-17-A-1500,GP042122,32,1789,1818,0.20689655172413793,0.0,0.0005543211495267898,0.0
2021-10-17-A-1500,GP042122,33,1841,1871,48.0,0.0,0.1714659254932097,0.0
2021-10-17-A-1500,GP042122,34,1844,1874,43.6,0.0,0.15724991906945637,0.0
2021-10-17-A-1500,GP042122,35,1844,2042,46.74242424242424,2.5,0.1601720657073933,0.007845026712752959
2021-10-17-A-1500,GP042122,36,1853,1881,7.892857142857143,0.0,0.029107083091827295,0.0
2021-10-17-A-1500,GP042122,37,1853,1877,1.375,0.0,0.004686905562297965,0.0
2021-10-17-A-1500,GP042122,38,1891,1915,88.95833333333333,0.0,0.2833071985243604,0.0
2021-10-17-A-1500,GP042122,39,1917,2045,33.4609375,1.0,0.11255231374554724,0.003941394392738693
2021-10-17-A-1500,GP042122,40,2007,2084,14.584415584415584,0.0,0.03465307907878018,0.0
2021-10-17-A-1500,GP042122,41,2007,2126,38.529411764705884,0.0,0.11789662470672804,0.0
2021-10-17-A-1500,GP042122,42,2007,2127,26.916666666666668,3.0,0.05937574168444562,0.006453946227398968
2021-10-17-A-1500,GP042122,43,2011,2044,10.93939393939394,0.0,0.0285926262511634,0.0
2021-10-17-A-1500,GP042122,44,2020,2044,12.333333333333334,0.0,0.02965194467222912,0.0
2021-10-17-A-1500,GP042122,45,2020,2074,19.444444444444443,0.0,0.05033435536976067,0.0
2021-10-17-A-1500,GP042122,46,2051,2083,2.15625,0.0,0.005078117704424782,0.0
2021-10-17-A-1500,GP042122,47,2102,2233,22.16030534351145,7.0,0.054397083004271075,0.012789739582250437
2021-10-17-A-1500,GP042122,48,2103,2267,20.445121951219512,2.5,0.05493769401331521,0.005515338160626475
2021-10-17-A-1500,GP042122,49,2103,2127,8.041666666666666,0.0,0.016869852056179607,0.0
2021-10-17-A-1500,GP042122,50,2138,2157,1.0,0.0,0.0020100538297264854,0.0
2021-10-17-A-1500,GP042122,51,2148,2274,29.753968253968253,1.0,0.06650878529650249,0.0019073710211914437
2021-10-17-A-1500,GP042122,52,2148,2311,53.736196319018404,4.0,0.15073384166192094,0.007530766903514749
2021-10-17-A-1500,GP042122,53,2224,2251,15.592592592592593,0.0,0.03515160903234609,0.0
2021-10-17-A-1500,GP042122,54,2224,2276,29.48076923076923,0.0,0.06449179091595432,0.0
2021-10-17-A-1500,GP042122,55,2282,2311,35.0,0.0,0.08036047610033652,0.0
2021-10-17-A-1500,GP042122,56,2282,2312,24.033333333333335,2.0,0.05876472130580217,0.005346447022976533
2021-10-17-A-1500,GP042122,57,2283,2374,67.42857142857143,9.0,0.18878677186557877,0.028726856822375548
2021-10-17-A-1500,GP042122,58,2284,2375,42.53846153846154,4.0,0.12624724350479358,0.01105352014468352
2021-10-17-A-1500,GP042122,59,2285,2523,30.30252100840336,2.0,0.07956152348570326,0.004056525857493281
2021-10-17-A-1500,GP042122,60,2285,2384,29.88888888888889,0.0,0.09622170483851221,0.0
2021-10-17-A-1500,GP042122,61,2320,2342,12.727272727272727,0.0,0.04728359555361366,0.0
2021-10-17-A-1500,GP042122,62,2320,2335,0.0,0.0,0.0,0.0
2021-10-17-A-1500,GP042122,63,2320,2337,0.8235294117647058,0.0,0.002972236368917334,0.0
2021-10-17-A-1500,GP042122,64,2359,2374,0.0,0.0,0.0,0.0
2021-10-17-A-1500,GP042122,65,2359,2374,0.0,0.0,0.0,0.0
2021-10-17-A-1500,GP042122,66,2386,2507,21.65289256198347,0.0,0.051492976285867,0.0
2021-10-17-A-1500,GP042122,67,2386,2458,24.65277777777778,0.0,0.06045960784123774,0.0
2021-10-17-A-1500,GP042122,68,2393,2645,43.448412698412696,12.0,0.10957974068613288,0.030791988153461874
2021-10-17-A-1500,GP042122,69,2393,2431,20.05263157894737,0.0,0.04705033356751239,0.0
2021-10-17-A-1500,GP042122,70,2393,2412,114.78947368421052,0.0,0.22215682803967546,0.0
2021-10-17-A-1500,GP042122,71,2416,2508,24.52173913043478,0.0,0.05912532109264197,0.0
2021-10-17-A-1500,GP042122,72,2416,2507,36.956043956043956,0.0,0.08432001575602717,0.0
2021-10-17-A-1500,GP042122,73,2416,2467,13.666666666666666,0.0,0.028857375870284592,0.0
2021-10-17-A-1500,GP042122,74,2473,2570,46.77319587628866,15.0,0.11765416680016058,0.03533929507219054
2021-10-17-A-1500,GP042122,75,2473,2525,41.88461538461539,0.0,0.11201588298725777,0.0
2021-10-17-A-1500,GP042122,76,2473,2521,3.1041666666666665,0.0,0.00778937797917915,0.0
2021-10-17-A-1500,GP042122,77,2554,2718,58.40853658536585,1.0,0.16508089838437337,0.002900365335898958
2021-10-17-A-1500,GP042122,78,2556,2715,33.660377358490564,1.0,0.10088832709892064,0.002496725195862154
2021-10-17-A-1500,GP042122,79,2556,2579,4.739130434782608,0.0,0.01276238571345829,0.0
2021-10-17-A-1500,GP042122,80,2574,2645,18.64788732394366,7.0,0.04708381943212879,0.016516555653080175
2021-10-17-A-1500,GP042122,81,2574,2742,48.160714285714285,0.0,0.1643153029805683,0.0
2021-10-17-A-1500,GP042122,82,2587,2602,0.0,0.0,0.0,0.0
2021-10-17-A-1500,GP042122,83,2587,2602,0.0,0.0,0.0,0.0
2021-10-17-A-1500,GP042122,84,2660,2705,40.022222222222226,0.0,0.11670903260047037,0.0
2021-10-17-A-1500,GP042122,85,2680,2700,102.7,0.0,0.24899099766897917,0.0
2021-10-17-A-1500,GP042122,86,2680,2701,8.095238095238095,0.0,0.023771241213923475,0.0
2021-10-17-A-1500,GP042122,87,2722,2742,203.75,1.0,0.6708590253829801,0.004198864780424315
